# This file may be used to create an environment using:
# $ conda create --name <env> --file <this file>
# platform: osx-64
blas=1.0=mkl
bzip2=1.0.8=haf1e3a3_3
c-ares=1.16.1=haf1e3a3_3
ca-certificates=2020.6.20=hecda079_0
cairo=1.16.0=ha8983da_1005
certifi=2020.6.20=py38h5347e94_2
cycler=0.10.0=py_2
ffmpeg=4.3.1=he496704_1
fontconfig=2.13.1=h79c0d67_1002
freetype=2.10.4=ha233b18_0
gettext=0.19.8.1=h1f1d5ed_1
glib=2.66.1=h9bbe63b_0
gmp=6.2.0=hb1e8313_3
gnutls=3.6.13=hc269f14_0
graphite2=1.3.13=h12caacf_1001
harfbuzz=2.7.2=h8810732_0
hdf5=1.10.6=nompi_h2ccf146_1110
icu=67.1=hb1e8313_0
intel-openmp=2019.4=233
jasper=1.900.1=h636a363_1006
jpeg=9d=h0b31af3_0
kiwisolver=1.3.0=py38h02bb52f_0
krb5=1.17.1=h75d18d8_3
lame=3.100=h1de35cc_1001
lcms2=2.11=h174193d_0
libblas=3.9.0=1_h508aa58_netlib
libcblas=3.9.0=2_h508aa58_netlib
libcurl=7.71.1=h9bf37e3_8
libcxx=11.0.0=h439d374_0
libedit=3.1.20191231=h1de35cc_1
libev=4.33=haf1e3a3_1
libffi=3.3=hb1e8313_2
libgfortran=5.0.0=h7cc5361_13
libgfortran5=9.3.0=h7cc5361_13
libiconv=1.16=haf1e3a3_0
liblapack=3.9.0=2_h508aa58_netlib
liblapacke=3.9.0=2_h508aa58_netlib
libnghttp2=1.41.0=h7580e61_2
libopencv=4.5.0=py38_2
libpng=1.6.37=hb0a8c7a_2
libssh2=1.9.0=h8a08a2b_5
libtiff=4.1.0=h2ae36a8_6
libwebp-base=1.1.0=h0b31af3_3
libxml2=2.9.10=h2c6e4a5_2
llvm-openmp=11.0.0=h73239a0_1
lz4-c=1.9.2=hb1e8313_3
matplotlib=3.3.2=py38h32f6830_1
matplotlib-base=3.3.2=py38had0acaf_1
mkl=2019.4=233
mkl-service=2.3.0=py38hfbe908c_0
mkl_fft=1.2.0=py38hc64f4ea_0
mkl_random=1.1.1=py38h959d312_0
ncurses=6.2=h0a44026_1
nettle=3.4.1=h3efe00b_1002
numpy=1.19.2=py38h456fd55_0
numpy-base=1.19.2=py38hcfb5961_0
olefile=0.46=pyh9f0ad1d_1
opencv=4.5.0=py38_2
openh264=2.1.1=hd174df1_0
openssl=1.1.1h=haf1e3a3_0
pcre=8.44=hb1e8313_0
pillow=8.0.1=py38hef457fe_0
pip=20.2.4=py38_0
pixman=0.38.0=h01d97ff_1003
py-opencv=4.5.0=py38h1cdfbd6_2
pyparsing=2.4.7=pyh9f0ad1d_0
python=3.8.5=h26836e1_1
python-dateutil=2.8.1=py_0
python_abi=3.8=1_cp38
readline=8.0=h1de35cc_0
setuptools=50.3.0=py38h0dc7051_1
six=1.15.0=py_0
sqlite=3.33.0=hffcf06c_0
tk=8.6.10=hb0a8c7a_0
tornado=6.0.4=py38h4d0b108_2
wheel=0.35.1=py_0
x264=1!152.20180806=h1de35cc_0
xz=5.2.5=h1de35cc_0
zlib=1.2.11=h1de35cc_3
zstd=1.4.5=h289c70a_2
